337 570
15 125
5 5
45
187 50 3
272 50 4
357 50 4
442 50 4
527 50 4
612 50 4
697 50 4
187 80 4
272 80 4
357 80 4
442 80 4
527 80 4
612 80 4
697 80 4
187 110 3
272 110 3
357 110 3
442 110 3
527 110 3
612 110 3
697 110 3
102 140 1
187 140 3
272 140 3
357 140 3
442 140 3
527 140 3
612 140 3
697 140 3
102 170 1
187 170 2
272 170 2
357 170 2
442 170 2
527 170 2
612 170 2
697 170 2
102 200 1
187 200 2
272 200 2
357 200 2
442 200 2
527 200 2
612 200 1
697 200 1
